(self.webpackChunk_N_E=self.webpackChunk_N_E||[]).push([[777],{9949:function(e,t,n){"use strict";var i=n(6793);function r(){}function a(){}a.resetWarningCache=r,e.exports=function(){function e(e,t,n,r,a,s){if(s!==i){var o=Error("Calling PropTypes validators directly is not supported by the `prop-types` package. Use PropTypes.checkPropTypes() to call them. Read more at http://fb.me/use-check-prop-types");throw o.name="Invariant Violation",o}}function t(){return e}e.isRequired=e;var n={array:e,bigint:e,bool:e,func:e,number:e,object:e,string:e,symbol:e,any:e,arrayOf:t,element:e,elementType:e,instanceOf:t,node:e,objectOf:t,oneOf:t,oneOfType:t,shape:t,exact:t,checkPropTypes:a,resetWarningCache:r};return n.PropTypes=n,n}},1448:function(e,t,n){e.exports=n(9949)()},6793:function(e){"use strict";e.exports="SECRET_DO_NOT_PASS_THIS_OR_YOU_WILL_BE_FIRED"},6889:function(e){e.exports=function(e,t,n,i){var r=n?n.call(i,e,t):void 0;if(void 0!==r)return!!r;if(e===t)return!0;if("object"!=typeof e||!e||"object"!=typeof t||!t)return!1;var a=Object.keys(e),s=Object.keys(t);if(a.length!==s.length)return!1;for(var o=Object.prototype.hasOwnProperty.bind(t),l=0;l<a.length;l++){var c=a[l];if(!o(c))return!1;var u=e[c],d=t[c];if(!1===(r=n?n.call(i,u,d,c):void 0)||void 0===r&&u!==d)return!1}return!0}},4777:function(e,t,n){"use strict";n.r(t),n.d(t,{emulate:function(){return s1}});var i="undefined"!=typeof Float32Array?Float32Array:Array;function r(){var e=new i(16);return i!=Float32Array&&(e[1]=0,e[2]=0,e[3]=0,e[4]=0,e[6]=0,e[7]=0,e[8]=0,e[9]=0,e[11]=0,e[12]=0,e[13]=0,e[14]=0),e[0]=1,e[5]=1,e[10]=1,e[15]=1,e}function a(e,t){return e[0]=t[0],e[1]=t[1],e[2]=t[2],e[3]=t[3],e[4]=t[4],e[5]=t[5],e[6]=t[6],e[7]=t[7],e[8]=t[8],e[9]=t[9],e[10]=t[10],e[11]=t[11],e[12]=t[12],e[13]=t[13],e[14]=t[14],e[15]=t[15],e}function s(e,t){var n=t[0],i=t[1],r=t[2],a=t[3],s=t[4],o=t[5],l=t[6],c=t[7],u=t[8],d=t[9],f=t[10],h=t[11],p=t[12],m=t[13],g=t[14],v=t[15],y=n*o-i*s,x=n*l-r*s,b=n*c-a*s,w=i*l-r*o,S=i*c-a*o,k=r*c-a*l,M=u*m-d*p,j=u*g-f*p,P=u*v-h*p,E=d*g-f*m,O=d*v-h*m,A=f*v-h*g,I=y*A-x*O+b*E+w*P-S*j+k*M;return I?(I=1/I,e[0]=(o*A-l*O+c*E)*I,e[1]=(r*O-i*A-a*E)*I,e[2]=(m*k-g*S+v*w)*I,e[3]=(f*S-d*k-h*w)*I,e[4]=(l*P-s*A-c*j)*I,e[5]=(n*A-r*P+a*j)*I,e[6]=(g*b-p*k-v*x)*I,e[7]=(u*k-f*b+h*x)*I,e[8]=(s*O-o*P+c*M)*I,e[9]=(i*P-n*O-a*M)*I,e[10]=(p*S-m*b+v*y)*I,e[11]=(d*b-u*S-h*y)*I,e[12]=(o*j-s*E-l*M)*I,e[13]=(n*E-i*j+r*M)*I,e[14]=(m*x-p*w-g*y)*I,e[15]=(u*w-d*x+f*y)*I,e):null}function o(e,t,n){var i=t[0],r=t[1],a=t[2],s=t[3],o=t[4],l=t[5],c=t[6],u=t[7],d=t[8],f=t[9],h=t[10],p=t[11],m=t[12],g=t[13],v=t[14],y=t[15],x=n[0],b=n[1],w=n[2],S=n[3];return e[0]=x*i+b*o+w*d+S*m,e[1]=x*r+b*l+w*f+S*g,e[2]=x*a+b*c+w*h+S*v,e[3]=x*s+b*u+w*p+S*y,x=n[4],b=n[5],w=n[6],S=n[7],e[4]=x*i+b*o+w*d+S*m,e[5]=x*r+b*l+w*f+S*g,e[6]=x*a+b*c+w*h+S*v,e[7]=x*s+b*u+w*p+S*y,x=n[8],b=n[9],w=n[10],S=n[11],e[8]=x*i+b*o+w*d+S*m,e[9]=x*r+b*l+w*f+S*g,e[10]=x*a+b*c+w*h+S*v,e[11]=x*s+b*u+w*p+S*y,x=n[12],b=n[13],w=n[14],S=n[15],e[12]=x*i+b*o+w*d+S*m,e[13]=x*r+b*l+w*f+S*g,e[14]=x*a+b*c+w*h+S*v,e[15]=x*s+b*u+w*p+S*y,e}function l(e,t){return e[0]=1,e[1]=0,e[2]=0,e[3]=0,e[4]=0,e[5]=1,e[6]=0,e[7]=0,e[8]=0,e[9]=0,e[10]=1,e[11]=0,e[12]=t[0],e[13]=t[1],e[14]=t[2],e[15]=1,e}function c(e,t,n){var i=t[0],r=t[1],a=t[2],s=t[3],o=i+i,l=r+r,c=a+a,u=i*o,d=i*l,f=i*c,h=r*l,p=r*c,m=a*c,g=s*o,v=s*l,y=s*c;return e[0]=1-(h+m),e[1]=d+y,e[2]=f-v,e[3]=0,e[4]=d-y,e[5]=1-(u+m),e[6]=p+g,e[7]=0,e[8]=f+v,e[9]=p-g,e[10]=1-(u+h),e[11]=0,e[12]=n[0],e[13]=n[1],e[14]=n[2],e[15]=1,e}function u(e,t){return e[0]=t[12],e[1]=t[13],e[2]=t[14],e}function d(e,t){var n=t[0],i=t[1],r=t[2],a=t[4],s=t[5],o=t[6],l=t[8],c=t[9],u=t[10];return e[0]=Math.hypot(n,i,r),e[1]=Math.hypot(a,s,o),e[2]=Math.hypot(l,c,u),e}function f(e,t){var n=new i(3);d(n,t);var r=1/n[0],a=1/n[1],s=1/n[2],o=t[0]*r,l=t[1]*a,c=t[2]*s,u=t[4]*r,f=t[5]*a,h=t[6]*s,p=t[8]*r,m=t[9]*a,g=t[10]*s,v=o+f+g,y=0;return v>0?(y=2*Math.sqrt(v+1),e[3]=.25*y,e[0]=(h-m)/y,e[1]=(p-c)/y,e[2]=(l-u)/y):o>f&&o>g?(y=2*Math.sqrt(1+o-f-g),e[3]=(h-m)/y,e[0]=.25*y,e[1]=(l+u)/y,e[2]=(p+c)/y):f>g?(y=2*Math.sqrt(1+f-o-g),e[3]=(p-c)/y,e[0]=(l+u)/y,e[1]=.25*y,e[2]=(h+m)/y):(y=2*Math.sqrt(1+g-o-f),e[3]=(l-u)/y,e[0]=(p+c)/y,e[1]=(h+m)/y,e[2]=.25*y),e}Math.hypot||(Math.hypot=function(){for(var e=0,t=arguments.length;t--;)e+=arguments[t]*arguments[t];return Math.sqrt(e)});var h=function(e,t,n,i,r){var a,s=1/Math.tan(t/2);return e[0]=s/n,e[1]=0,e[2]=0,e[3]=0,e[4]=0,e[5]=s,e[6]=0,e[7]=0,e[8]=0,e[9]=0,e[11]=-1,e[12]=0,e[13]=0,e[15]=0,null!=r&&r!==1/0?(a=1/(i-r),e[10]=(r+i)*a,e[14]=2*r*i*a):(e[10]=-1,e[14]=-2*i),e};function p(){var e=new i(3);return i!=Float32Array&&(e[0]=0,e[1]=0,e[2]=0),e}function m(e,t,n){var r=new i(3);return r[0]=e,r[1]=t,r[2]=n,r}function g(e,t){return e[0]=t[0],e[1]=t[1],e[2]=t[2],e}function v(e,t,n,i){var r=t[0],a=t[1],s=t[2];return e[0]=r+i*(n[0]-r),e[1]=a+i*(n[1]-a),e[2]=s+i*(n[2]-s),e}p();let y=Symbol("@immersive-web-emulation-runtime/xr-space");class x extends EventTarget{constructor(e,t){var n;super(),this[y]={parentSpace:e,offsetMatrix:t?((n=new i(16))[0]=t[0],n[1]=t[1],n[2]=t[2],n[3]=t[3],n[4]=t[4],n[5]=t[5],n[6]=t[6],n[7]=t[7],n[8]=t[8],n[9]=t[9],n[10]=t[10],n[11]=t[11],n[12]=t[12],n[13]=t[13],n[14]=t[14],n[15]=t[15],n):r(),emulated:!0}}}class b extends x{constructor(){super(void 0,r())}}class w{static updateOffsetPosition(e,t){l(e[y].offsetMatrix,t)}static updateOffsetQuaternion(e,t){let n=e[y].offsetMatrix,i=p();u(i,n),c(n,t,i)}static updateOffsetMatrix(e,t){a(e[y].offsetMatrix,t)}static calculateGlobalOffsetMatrix(e,t=r()){return o(t,e[y].parentSpace?w.calculateGlobalOffsetMatrix(e[y].parentSpace):r(),e[y].offsetMatrix),t}}function S(){var e=new i(4);return i!=Float32Array&&(e[0]=0,e[1]=0,e[2]=0),e[3]=1,e}function k(e,t,n,i){var r,a,s,o,l,c=t[0],u=t[1],d=t[2],f=t[3],h=n[0],p=n[1],m=n[2],g=n[3];return(a=c*h+u*p+d*m+f*g)<0&&(a=-a,h=-h,p=-p,m=-m,g=-g),1-a>1e-6?(s=Math.sin(r=Math.acos(a)),o=Math.sin((1-i)*r)/s,l=Math.sin(i*r)/s):(o=1-i,l=i),e[0]=o*c+l*h,e[1]=o*u+l*p,e[2]=o*d+l*m,e[3]=o*f+l*g,e}rS=new i(4),i!=Float32Array&&(rS[0]=0,rS[1]=0,rS[2]=0,rS[3]=0);var M=function(e,t,n,r){var a=new i(4);return a[0]=e,a[1]=t,a[2]=n,a[3]=r,a},j=function(e,t){return e[0]=t[0],e[1]=t[1],e[2]=t[2],e[3]=t[3],e},P=function(e,t,n,i,r){return e[0]=t,e[1]=n,e[2]=i,e[3]=r,e},E=function(e,t){var n=t[0],i=t[1],r=t[2],a=t[3],s=n*n+i*i+r*r+a*a;return s>0&&(s=1/Math.sqrt(s)),e[0]=n*s,e[1]=i*s,e[2]=r*s,e[3]=a*s,e};p(),m(1,0,0),m(0,1,0),S(),S(),rk=new i(9),i!=Float32Array&&(rk[1]=0,rk[2]=0,rk[3]=0,rk[5]=0,rk[6]=0,rk[7]=0),rk[0]=1,rk[4]=1,rk[8]=1;class O{constructor(e=0,t=0,n=0){this.vec3=m(e,t,n),this.tempVec3=p()}get x(){return this.vec3[0]}set x(e){this.vec3[0]=e}get y(){return this.vec3[1]}set y(e){this.vec3[1]=e}get z(){return this.vec3[2]}set z(e){this.vec3[2]=e}set(e,t,n){var i;return(i=this.vec3)[0]=e,i[1]=t,i[2]=n,this}clone(){return new O(this.x,this.y,this.z)}copy(e){return this.x=e.x,this.y=e.y,this.z=e.z,this}round(){return this.x=Math.round(this.x),this.y=Math.round(this.y),this.z=Math.round(this.z),this}normalize(){var e,t,n,i,r,a;return g(this.tempVec3,this.vec3),e=this.vec3,(a=(n=(t=this.tempVec3)[0])*n+(i=t[1])*i+(r=t[2])*r)>0&&(a=1/Math.sqrt(a)),e[0]=t[0]*a,e[1]=t[1]*a,e[2]=t[2]*a,this}add(e){var t,n,i;return g(this.tempVec3,this.vec3),t=this.vec3,n=this.tempVec3,i=e.vec3,t[0]=n[0]+i[0],t[1]=n[1]+i[1],t[2]=n[2]+i[2],this}applyQuaternion(e){var t,n,i,r,a,s,o,l,c,u,d,f,h,p,m,v,y;return g(this.tempVec3,this.vec3),t=this.vec3,n=this.tempVec3,r=(i=e.quat)[0],a=i[1],s=i[2],o=i[3],l=n[0],c=n[1],d=a*(u=n[2])-s*c,f=s*l-r*u,h=r*c-a*l,p=a*h-s*f,m=s*d-r*h,v=r*f-a*d,d*=y=2*o,f*=y,h*=y,p*=2,m*=2,v*=2,t[0]=l+d+p,t[1]=c+f+m,t[2]=u+h+v,this}}class A{constructor(e=0,t=0,n=0,i=1){this.quat=M(e,t,n,i),this.tempQuat=S()}get x(){return this.quat[0]}set x(e){this.quat[0]=e}get y(){return this.quat[1]}set y(e){this.quat[1]=e}get z(){return this.quat[2]}set z(e){this.quat[2]=e}get w(){return this.quat[3]}set w(e){this.quat[3]=e}set(e,t,n,i){return P(this.quat,e,t,n,i),this}clone(){return new A(this.x,this.y,this.z,this.w)}copy(e){return P(this.quat,e.x,e.y,e.z,e.w),this}normalize(){return j(this.tempQuat,this.quat),E(this.quat,this.tempQuat),this}invert(){var e,t;return j(this.tempQuat,this.quat),e=this.quat,t=this.tempQuat,e[0]=-t[0],e[1]=-t[1],e[2]=-t[2],e[3]=t[3],this}multiply(e){var t,n,i,r,a,s,o,l,c,u,d;return j(this.tempQuat,this.quat),t=this.quat,n=this.tempQuat,i=e.quat,r=n[0],a=n[1],s=n[2],o=n[3],l=i[0],c=i[1],u=i[2],d=i[3],t[0]=r*d+o*l+a*u-s*c,t[1]=a*d+o*c+s*l-r*u,t[2]=s*d+o*u+r*c-a*l,t[3]=o*d-r*l-a*c-s*u,this}setFromAxisAngle(e,t){var n,i,r,a;return n=this.quat,i=e.vec3,a=Math.sin(r=.5*t),n[0]=a*i[0],n[1]=a*i[1],n[2]=a*i[2],n[3]=Math.cos(r),this}}let I=Symbol("@immersive-web-emulation-runtime/gamepad");(rM=rF||(rF={})).None="",rM.Standard="standard",rM.XRStandard="xr-standard";class R{constructor(e,t){this[I]={type:e,eventTrigger:t,pressed:!1,touched:!1,value:0,lastFrameValue:0,pendingValue:null}}get pressed(){return"manual"===this[I].type?this[I].pressed:this[I].value>0}get touched(){return"manual"===this[I].type?this[I].touched:this[I].touched||this.pressed}get value(){return this[I].value}}class C{constructor(){this.pressed=!1,this.touched=!1,this.value=0}}class L{constructor(e,t="",n=-1){this[I]={id:t,index:n,connected:!1,timestamp:performance.now(),mapping:e.mapping,buttonsMap:{},buttonsSequence:[],axesMap:{},axesSequence:[],hapticActuators:[]},e.buttons.forEach(e=>{var t;null===e?this[I].buttonsSequence.push(null):(this[I].buttonsSequence.push(e.id),this[I].buttonsMap[e.id]=new R(e.type,null!==(t=e.eventTrigger)&&void 0!==t?t:null))}),e.axes.forEach(e=>{null===e?this[I].axesSequence.push(null):(this[I].axesSequence.push(e.id+e.type),this[I].axesMap[e.id]||(this[I].axesMap[e.id]={x:0,y:0}))})}get id(){return this[I].id}get index(){return this[I].index}get connected(){return this[I].connected}get timestamp(){return this[I].timestamp}get mapping(){return this[I].mapping}get axes(){let e=[];return this[I].axesSequence.forEach(t=>{if(null===t)e.push(null);else{let n=t.substring(0,t.length-6),i=t.substring(t.length-6);e.push("y-axis"===i?this[I].axesMap[n].y:this[I].axesMap[n].x)}}),e}get buttons(){return this[I].buttonsSequence.map(e=>null===e?new C:this[I].buttonsMap[e])}get hapticActuators(){return this[I].hapticActuators}get vibrationActuator(){return null}}(rj=rz||(rz={})).None="none",rj.Left="left",rj.Right="right",(rP=rD||(rD={})).Gaze="gaze",rP.TrackedPointer="tracked-pointer",rP.Screen="screen",rP.TransientPointer="transient-pointer";class F extends Array{}let z=Symbol("@immersive-web-emulation-runtime/xr-input-source");class D{constructor(e,t,n,i,r,a,s){this[z]={handedness:e,targetRayMode:t,targetRaySpace:i,gripSpace:a,profiles:n,gamepad:r,hand:s}}get handedness(){return this[z].handedness}get targetRayMode(){return this[z].targetRayMode}get targetRaySpace(){return this[z].targetRaySpace}get gripSpace(){return this[z].gripSpace}get profiles(){return this[z].profiles}get gamepad(){return this[z].gamepad}get hand(){return this[z].hand}}class T extends Event{constructor(e,t){if(super(e,t),!t.frame)throw Error("XRInputSourceEventInit.frame is required");if(!t.inputSource)throw Error("XRInputSourceEventInit.inputSource is required");this.frame=t.frame,this.inputSource=t.inputSource}}let N=Symbol("@immersive-web-emulation-runtime/xr-tracked-input"),q={[rz.Left]:{position:new O(-.25,1.5,-.4),quaternion:new A},[rz.Right]:{position:new O(.25,1.5,-.4),quaternion:new A},[rz.None]:{position:new O(.25,1.5,-.4),quaternion:new A}};class _{constructor(e){this[N]={inputSource:e,position:q[e.handedness].position.clone(),quaternion:q[e.handedness].quaternion.clone(),connected:!0,lastFrameConnected:!1,inputSourceChanged:!0}}get position(){return this[N].position}get quaternion(){return this[N].quaternion}get inputSource(){return this[N].inputSource}get connected(){return this[N].connected}set connected(e){this[N].connected=e,this[N].inputSource.gamepad[I].connected=e}onFrameStart(e){c(this[N].inputSource.targetRaySpace[y].offsetMatrix,this[N].quaternion.quat,this[N].position.vec3);let t=e.session;this[N].inputSource.gamepad.buttons.forEach(n=>{n instanceof R&&(n[I].lastFrameValue=n[I].value,null!=n[I].pendingValue&&(n[I].value=n[I].pendingValue,n[I].pendingValue=null),null!=n[I].eventTrigger&&(0===n[I].lastFrameValue&&n[I].value>0?(t.dispatchEvent(new T(n[I].eventTrigger,{frame:e,inputSource:this[N].inputSource})),t.dispatchEvent(new T(n[I].eventTrigger+"start",{frame:e,inputSource:this[N].inputSource}))):n[I].lastFrameValue>0&&0===n[I].value&&t.dispatchEvent(new T(n[I].eventTrigger+"end",{frame:e,inputSource:this[N].inputSource}))))}),this[N].inputSourceChanged=this.connected!==this[N].lastFrameConnected,this[N].lastFrameConnected=this.connected}}let Z=Symbol("@immersive-web-emulation-runtime/xr-controller");class V extends _{constructor(e,t,n){if(!e.layout[t])throw new DOMException("Handedness not supported","InvalidStateError");let i=new x(n);super(new D(t,rD.TrackedPointer,[e.profileId,...e.fallbackProfileIds],i,new L(e.layout[t].gamepad),e.layout[t].gripOffsetMatrix?new x(i,e.layout[t].gripOffsetMatrix):void 0)),this[Z]={gamepadConfig:e.layout[t].gamepad}}get gamepadConfig(){return this[Z].gamepadConfig}updateButtonValue(e,t){if(t>1||t<0){console.warn(`Out-of-range value ${t} provided for button ${e}.`);return}let n=this[N].inputSource.gamepad[I].buttonsMap[e];if(n){if("binary"===n[I].type&&1!=t&&0!=t){console.warn(`Non-binary value ${t} provided for binary button ${e}.`);return}n[I].pendingValue=t}else console.warn(`Current controller does not have button ${e}.`)}updateButtonTouch(e,t){let n=this[N].inputSource.gamepad[I].buttonsMap[e];n?n[I].touched=t:console.warn(`Current controller does not have button ${e}.`)}updateAxis(e,t,n){if(n>1||n<-1){console.warn(`Out-of-range value ${n} provided for ${e} axes.`);return}let i=this[N].inputSource.gamepad[I].axesMap[e];i?"x-axis"===t?i.x=n:"y-axis"===t&&(i.y=n):console.warn(`Current controller does not have ${e} axes.`)}updateAxes(e,t,n){if(t>1||t<-1||n>1||n<-1){console.warn(`Out-of-range value x:${t}, y:${n} provided for ${e} axes.`);return}let i=this[N].inputSource.gamepad[I].axesMap[e];i?(i.x=t,i.y=n):console.warn(`Current controller does not have ${e} axes.`)}}let K=Symbol("@immersive-web-emulation-runtime/xr-view");(rE=rT||(rT={})).None="none",rE.Left="left",rE.Right="right";class ${constructor(e,t,n,i){this[K]={eye:e,projectionMatrix:t,transform:n,recommendedViewportScale:null,requestedViewportScale:1,session:i}}get eye(){return this[K].eye}get projectionMatrix(){return this[K].projectionMatrix}get transform(){return this[K].transform}get recommendedViewportScale(){return this[K].recommendedViewportScale}requestViewportScale(e){if(null===e||e<=0||e>1){console.warn("Invalid scale value. Scale must be > 0 and <= 1.");return}this[K].requestedViewportScale=e}}(rO=rN||(rN={})).Wrist="wrist",rO.ThumbMetacarpal="thumb-metacarpal",rO.ThumbPhalanxProximal="thumb-phalanx-proximal",rO.ThumbPhalanxDistal="thumb-phalanx-distal",rO.ThumbTip="thumb-tip",rO.IndexFingerMetacarpal="index-finger-metacarpal",rO.IndexFingerPhalanxProximal="index-finger-phalanx-proximal",rO.IndexFingerPhalanxIntermediate="index-finger-phalanx-intermediate",rO.IndexFingerPhalanxDistal="index-finger-phalanx-distal",rO.IndexFingerTip="index-finger-tip",rO.MiddleFingerMetacarpal="middle-finger-metacarpal",rO.MiddleFingerPhalanxProximal="middle-finger-phalanx-proximal",rO.MiddleFingerPhalanxIntermediate="middle-finger-phalanx-intermediate",rO.MiddleFingerPhalanxDistal="middle-finger-phalanx-distal",rO.MiddleFingerTip="middle-finger-tip",rO.RingFingerMetacarpal="ring-finger-metacarpal",rO.RingFingerPhalanxProximal="ring-finger-phalanx-proximal",rO.RingFingerPhalanxIntermediate="ring-finger-phalanx-intermediate",rO.RingFingerPhalanxDistal="ring-finger-phalanx-distal",rO.RingFingerTip="ring-finger-tip",rO.PinkyFingerMetacarpal="pinky-finger-metacarpal",rO.PinkyFingerPhalanxProximal="pinky-finger-phalanx-proximal",rO.PinkyFingerPhalanxIntermediate="pinky-finger-phalanx-intermediate",rO.PinkyFingerPhalanxDistal="pinky-finger-phalanx-distal",rO.PinkyFingerTip="pinky-finger-tip";class X extends Map{}let H=Symbol("@immersive-web-emulation-runtime/xr-joint-space");class W extends x{constructor(e,t,n){super(t,n),this[H]={jointName:e,radius:0}}get jointName(){return this[H].jointName}}let Q={profileId:"oculus-hand",fallbackProfileIds:["generic-hand","generic-hand-select","generic-trigger"],poses:{default:{jointTransforms:{wrist:{offsetMatrix:[.9616971015930176,-.13805118203163147,.2368120402097702,0,5348679260350764e-19,.8648636937141418,.5020061135292053,0,-.2741127610206604,-.48265108466148376,.8318111300468445,0,-.04913589730858803,.0021463718730956316,.11701996624469757,1],radius:.021460847929120064},"thumb-metacarpal":{offsetMatrix:[-.07536252588033676,-.9959676265716553,-.04867160692811012,0,.5877083539962769,-.08379616588354111,.8047218918800354,0,-.8055551648139954,.032041035592556,.5916536450386047,0,-.010643752291798592,6936835707165301e-19,.08736639469861984,1],radius:.019382517784833908},"thumb-phalanx-proximal":{offsetMatrix:[.1374533325433731,-.9904957413673401,.004982374142855406,0,.5534393787384033,.08097179979085922,.8289443850517273,0,-.8214688897132874,-.11118389666080475,.559309184551239,0,.015547193586826324,-.0003480653394944966,.0681300163269043,1],radius:.01228295173496008},"thumb-phalanx-distal":{offsetMatrix:[-.04659227654337883,-.9974699020385742,-.05369402840733528,0,.6812446117401123,-.07104194164276123,.728600800037384,0,-.7305715084075928,-.002631746232509613,.6828309893608093,0,.04330715537071228,.003409178927540779,.0492292083799839,1],radius:.009768804535269737},"thumb-tip":{offsetMatrix:[-.04659227654337883,-.9974699020385742,-.05369402840733528,0,.6812446117401123,-.07104194164276123,.728600800037384,0,-.7305715084075928,-.002631746232509613,.6828309893608093,0,.062003348022699356,.004069602582603693,.03322213143110275,1],radius:.008768804371356964},"index-finger-metacarpal":{offsetMatrix:[.9616971015930176,-.13805118203163147,.2368120402097702,0,5348679260350764e-19,.8648636937141418,.5020061135292053,0,-.2741127610206604,-.48265108466148376,.8318111300468445,0,-.02009812369942665,.008770795539021492,.08660387247800827,1],radius:.021228281781077385},"index-finger-phalanx-proximal":{offsetMatrix:[.9001791477203369,-.2598813474178314,.3494834005832672,0,.06073702871799469,.8695210218429565,.490146666765213,0,-.4312632381916046,-.41999316215515137,.7985095381736755,0,-.00017739279428496957,.03890012577176094,.039073407649993896,1],radius:.010295259766280651},"index-finger-phalanx-intermediate":{offsetMatrix:[.9082008600234985,-.20898112654685974,.36262574791908264,0,.11045389622449875,.9553793668746948,.27395179867744446,0,-.40369608998298645,-.20874978601932526,.8907597661018372,0,.01617925800383091,.05482936650514603,.008788082748651505,1],radius:.00853810179978609},"index-finger-phalanx-distal":{offsetMatrix:[.9309692978858948,-.16783711314201355,.32423174381256104,0,.1080828532576561,.9749603867530823,.1943446695804596,0,-.34873148798942566,-.14588497579097748,.9257990717887878,0,.02599053829908371,.059902746230363846,-.012860597111284733,1],radius:.007636196445673704},"index-finger-tip":{offsetMatrix:[.9309692978858948,-.16783711314201355,.32423174381256104,0,.1080828532576561,.9749603867530823,.1943446695804596,0,-.34873148798942566,-.14588497579097748,.9257990717887878,0,.03362493962049484,.06421422213315964,-.033461250364780426,1],radius:.006636196281760931},"middle-finger-metacarpal":{offsetMatrix:[.9616971015930176,-.13805118203163147,.2368120402097702,0,5348679260350764e-19,.8648636937141418,.5020061135292053,0,-.2741127610206604,-.48265108466148376,.8318111300468445,0,-.03627845644950867,.011579737067222595,.08550142496824265,1],radius:.021231964230537415},"middle-finger-phalanx-proximal":{offsetMatrix:[.9876697659492493,-.06786545366048813,.1410750150680542,0,-.015095947310328484,.855663537979126,.5173118710517883,0,-.15582047402858734,-.5130629539489746,.8440889716148376,0,-.021259509027004242,.04587256908416748,.03659208118915558,1],radius:.01117393933236599},"middle-finger-phalanx-intermediate":{offsetMatrix:[.988391637802124,-.04354291781783104,.14555205404758453,0,.008894841186702251,.9729899168014526,.23067504167556763,0,-.15166506171226501,-.22670257091522217,.9620829224586487,0,-.014570588245987892,.06789684295654297,3578895702958107e-19,1],radius:.008030958473682404},"middle-finger-phalanx-distal":{offsetMatrix:[.9853697419166565,.044260796159505844,.16458062827587128,0,-.0757969319820404,.9787378311157227,.19059516489505768,0,-.1526455283164978,-.20028135180473328,.9677740931510925,0,-.010392282158136368,.07414241135120392,-.026147106662392616,1],radius:.007629410829395056},"middle-finger-tip":{offsetMatrix:[.9853697419166565,.044260796159505844,.16458062827587128,0,-.0757969319820404,.9787378311157227,.19059516489505768,0,-.1526455283164978,-.20028135180473328,.9677740931510925,0,-.0069718430750072,.08024183660745621,-.05014154314994812,1],radius:.006629410665482283},"ring-finger-metacarpal":{offsetMatrix:[.9616971015930176,-.13805118203163147,.2368120402097702,0,5348679260350764e-19,.8648636937141418,.5020061135292053,0,-.2741127610206604,-.48265108466148376,.8318111300468445,0,-.05402477830648422,.015797706320881844,.08152295649051666,1],radius:.019088275730609894},"ring-finger-phalanx-proximal":{offsetMatrix:[.9940828680992126,.05735103040933609,.09224652498960495,0,-.10022822767496109,.8116500377655029,.5754809379577637,0,-.041867565363645554,-.5813214182853699,.8125960826873779,0,-.041623555123806,.04171867296099663,.03582974523305893,1],radius:.00992213748395443},"ring-finger-phalanx-intermediate":{offsetMatrix:[.9843675494194031,.12044742703437805,.12850022315979004,0,-.15629759430885315,.9337108135223389,.3221098482608795,0,-.08118485659360886,-.3371586799621582,.937940776348114,0,-.039990875869989395,.06438793987035751,.004141641780734062,1],radius:.007611672393977642},"ring-finger-phalanx-distal":{offsetMatrix:[.9748351573944092,.11857274919748306,.18877571821212769,0,-.15575434267520905,.9681083559989929,.19623035192489624,0,-.15948788821697235,-.22069483995437622,.9622148275375366,0,-.03783353418111801,.07334739714860916,-.020782606676220894,1],radius:.007231088820844889},"ring-finger-tip":{offsetMatrix:[.9748351573944092,.11857274919748306,.18877571821212769,0,-.15575434267520905,.9681083559989929,.19623035192489624,0,-.15948788821697235,-.22069483995437622,.9622148275375366,0,-.03445569798350334,.0802423357963562,-.04392268508672714,1],radius:.0062310886569321156},"pinky-finger-metacarpal":{offsetMatrix:[.9181402921676636,.35625091195106506,.17350243031978607,0,-.39615097641944885,.8352503180503845,.38134080171585083,0,-.009065053425729275,-.41885748505592346,.9080066680908203,0,-.06191859766840935,.013620133511722088,.07850203663110733,1],radius:.01808827556669712},"pinky-finger-phalanx-proximal":{offsetMatrix:[.9714386463165283,.236698180437088,-.016745081171393394,0,-.18462024629116058,.7982627749443054,.5733163952827454,0,.14906984567642212,-.5538501739501953,.8191629648208618,0,-.061502378433942795,.032741155475378036,.03705105185508728,1],radius:.008483353070914745},"pinky-finger-phalanx-intermediate":{offsetMatrix:[.9337416291236877,.35620439052581787,-.03527557849884033,0,-.33203884959220886,.8987522721290588,.28634607791900635,0,.13370157778263092,-.2556603252887726,.9574766755104065,0,-.06608185172080994,.049755651503801346,.011886020191013813,1],radius:.0067641944624483585},"pinky-finger-phalanx-distal":{offsetMatrix:[.9419984817504883,.3303581774234772,.059175245463848114,0,-.33483216166496277,.9130291938781738,.23294763267040253,0,.02292730286717415,-.2392500638961792,.970687210559845,0,-.0687975287437439,.054948460310697556,-.007561664097011089,1],radius:.0064259846694767475},"pinky-finger-tip":{offsetMatrix:[.9419984817504883,.3303581774234772,.059175245463848114,0,-.33483216166496277,.9130291938781738,.23294763267040253,0,.02292730286717415,-.2392500638961792,.970687210559845,0,-.06947512179613113,.0613851435482502,-.028543535619974136,1],radius:.005425984505563974}},gripOffsetMatrix:[-.0005348679260350764,-.8648636937141418,-.5020061135292053,0,-.2741127908229828,-.48265108466148376,.8318111896514893,0,-.9616971015930176,.13805119693279266,-.2368120402097702,0,-.02878567762672901,.0017147823236882687,.04536811262369156,1]},pinch:{jointTransforms:{wrist:{offsetMatrix:[.9060805439949036,-.1844543218612671,.3807799518108368,0,-.08027800172567368,.8086723685264587,.5827555656433105,0,-.4154181182384491,-.5585917234420776,.7179155349731445,0,-.06867414712905884,-.009423808194696903,.10627774149179459,1],radius:.021460847929120064},"thumb-metacarpal":{offsetMatrix:[-.5012241005897522,-.8650535345077515,-.0213695727288723,0,.7415963411331177,-.4421543478965759,.5045139193534851,0,-.44587990641593933,.23702676594257355,.8631392121315002,0,-.032122574746608734,-.01196830440312624,.07194234430789948,1],radius:.019382517784833908},"thumb-phalanx-proximal":{offsetMatrix:[-.3175753057003021,-.9460570216178894,-.06419729441404343,0,.8958902955055237,-.32153913378715515,.30658137798309326,0,-.3106854259967804,.03984907269477844,.9496771097183228,0,-.017625702545046806,-.01967475935816765,.04387917369604111,1],radius:.01228295173496008},"thumb-phalanx-distal":{offsetMatrix:[-.4944636821746826,-.8691971898078918,.001086252392269671,0,.8307800889015198,-.4722411036491394,.2946045398712158,0,-.25555649399757385,.14657381176948547,.9556186199188232,0,-.007126678712666035,-.021021386608481407,.011786630377173424,1],radius:.009768804535269737},"thumb-tip":{offsetMatrix:[-.4944636821746826,-.8691971898078918,.001086252392269671,0,.8307800889015198,-.4722411036491394,.2946045398712158,0,-.25555649399757385,.14657381176948547,.9556186199188232,0,3423091256991029e-19,-.024528030306100845,-.011410919018089771,1],radius:.008768804371356964},"index-finger-metacarpal":{offsetMatrix:[.9060805439949036,-.1844543218612671,.3807799518108368,0,-.08027800172567368,.8086723685264587,.5827555656433105,0,-.4154181182384491,-.5585917234420776,.7179155349731445,0,-.038037415593862534,-.0020236473064869642,.07626739144325256,1],radius:.021228281781077385},"index-finger-phalanx-proximal":{offsetMatrix:[.7986818552017212,-.35985732078552246,.48229536414146423,0,.538311243057251,.7854709625244141,-.30537736415863037,0,-.2689369022846222,.5035246014595032,.8210577368736267,0,-.006869405973702669,.033938243985176086,.04206443578004837,1],radius:.010295259766280651},"index-finger-phalanx-intermediate":{offsetMatrix:[.8285930156707764,-.32672837376594543,.4546217918395996,0,.5577570199966431,.4116027057170868,-.7207564115524292,0,.04836784675717354,.8507823944091797,.5232869386672974,0,.0033306588884443045,.014840902760624886,.010923954658210278,1],radius:.00853810179978609},"index-finger-phalanx-distal":{offsetMatrix:[.8412464261054993,-.35794928669929504,.4051857888698578,0,.5139996409416199,.29711154103279114,-.8046918511390686,0,.16765329241752625,.8852096796035767,.4339304566383362,0,.0021551470272243023,-.0058362227864563465,-.0017938464879989624,1],radius:.007636196445673704},"index-finger-tip":{offsetMatrix:[.8412464261054993,-.35794928669929504,.4051857888698578,0,.5139996409416199,.29711154103279114,-.8046918511390686,0,.16765329241752625,.8852096796035767,.4339304566383362,0,-.00131594471167773,-.025222131982445717,-.012442642822861671,1],radius:.006636196281760931},"middle-finger-metacarpal":{offsetMatrix:[.9060805439949036,-.1844543218612671,.3807799518108368,0,-.08027800172567368,.8086723685264587,.5827555656433105,0,-.4154181182384491,-.5585917234420776,.7179155349731445,0,-.05395089089870453,.003063359996303916,.07402937114238739,1],radius:.021231964230537415},"middle-finger-phalanx-proximal":{offsetMatrix:[.9187911748886108,-.1530158370733261,.36387869715690613,0,.038666240870952606,.9522662162780762,.302808940410614,0,-.3928440511226654,-.26414817571640015,.8808513283729553,0,-.02717282809317112,.04162866622209549,.03678669035434723,1],radius:.01117393933236599},"middle-finger-phalanx-intermediate":{offsetMatrix:[.9228746294975281,-.12856416404247284,.36300456523895264,0,.14524033665657043,.9892153143882751,-.01890045404434204,0,-.3566599190235138,.07016586512327194,.9315956234931946,0,-.01030921470373869,.05296773463487625,-.0010256498353555799,1],radius:.008030958473682404},"middle-finger-phalanx-distal":{offsetMatrix:[.9325166344642639,-.040404170751571655,.35885775089263916,0,.06836572289466858,.995502769947052,-.0655682161450386,0,-.3545948565006256,.08567725121974945,.9310863614082336,0,-.0004833847051486373,.05103470757603645,-.026690717786550522,1],radius:.007629410829395056},"middle-finger-tip":{offsetMatrix:[.9325166344642639,-.040404170751571655,.35885775089263916,0,.06836572289466858,.995502769947052,-.0655682161450386,0,-.3545948565006256,.08567725121974945,.9310863614082336,0,.008158999495208263,.05004044249653816,-.050120558589696884,1],radius:.006629410665482283},"ring-finger-metacarpal":{offsetMatrix:[.9060805439949036,-.1844543218612671,.3807799518108368,0,-.08027800172567368,.8086723685264587,.5827555656433105,0,-.4154181182384491,-.5585917234420776,.7179155349731445,0,-.06732909381389618,.007902119308710098,.07209732383489609,1],radius:.019088275730609894},"ring-finger-phalanx-proximal":{offsetMatrix:[.9391821026802063,-.027994679287075996,.34227466583251953,0,-.18282271921634674,.8029410243034363,.5673282742500305,0,-.2907087206840515,-.5954000353813171,.7489906549453735,0,-.047129884362220764,.03806127607822418,.032147664576768875,1],radius:.00992213748395443},"ring-finger-phalanx-intermediate":{offsetMatrix:[.9249380826950073,.03699534013867378,.3783116042613983,0,-.12898847460746765,.9667453765869141,.2208271026611328,0,-.3575615882873535,-.25304901599884033,.8989526629447937,0,-.03579339757561684,.06127955764532089,.002939916681498289,1],radius:.007611672393977642},"ring-finger-phalanx-distal":{offsetMatrix:[.9001164436340332,.03983335196971893,.4338230490684509,0,-.09662467986345291,.9892624020576477,.10964841395616531,0,-.4247973561286926,-.14061418175697327,.8943013548851013,0,-.026291755959391594,.06800390034914017,-.02094830758869648,1],radius:.007231088820844889},"ring-finger-tip":{offsetMatrix:[.9001164436340332,.03983335196971893,.4338230490684509,0,-.09662467986345291,.9892624020576477,.10964841395616531,0,-.4247973561286926,-.14061418175697327,.8943013548851013,0,-.016345610842108727,.07300511747598648,-.04263874143362045,1],radius:.0062310886569321156},"pinky-finger-metacarpal":{offsetMatrix:[.8769711852073669,.31462907791137695,.36322021484375,0,-.4506046175956726,.801031768321991,.39408499002456665,0,-.16696058213710785,-.5092697143554688,.8442559838294983,0,-.07460174709558487,.0062340241856873035,.06756893545389175,1],radius:.01808827556669712},"pinky-finger-phalanx-proximal":{offsetMatrix:[.9498357176780701,.1553308218717575,.2714462876319885,0,-.3019258379936218,.6817675232887268,.6663586497306824,0,-.08155745267868042,-.7148879170417786,.694466233253479,0,-.06697750836610794,.029482364654541016,.02902858518064022,1],radius:.008483353070914745},"pinky-finger-phalanx-intermediate":{offsetMatrix:[.9214097261428833,.27928245067596436,.2701927423477173,0,-.3670244514942169,.8538867831230164,.36901235580444336,0,-.12765564024448395,-.43917882442474365,.8892839550971985,0,-.06447203457355499,.05144399777054787,.0076942890882492065,1],radius:.0067641944624483585},"pinky-finger-phalanx-distal":{offsetMatrix:[.9038633704185486,.23618005216121674,.3567195236682892,0,-.3532794713973999,.8823202252388,.3109731376171112,0,-.24129553139209747,-.4070987403392792,.8809353709220886,0,-.06187915802001953,.060364335775375366,-.010368337854743004,1],radius:.0064259846694767475},"pinky-finger-tip":{offsetMatrix:[.9038633704185486,.23618005216121674,.3567195236682892,0,-.3532794713973999,.8823202252388,.3109731376171112,0,-.24129553139209747,-.4070987403392792,.8809353709220886,0,-.056796226650476456,.07042007893323898,-.02921444922685623,1],radius:.005425984505563974}},gripOffsetMatrix:[.08027800917625427,-.8086723685264587,-.5827556252479553,0,-.4154181480407715,-.5585916638374329,.7179154753684998,0,-.9060805439949036,.1844543218612671,-.3807799518108368,0,-.038054611533880234,-.002910431008785963,.03720742464065552,1]},point:{jointTransforms:{wrist:{offsetMatrix:[.9340395331382751,-.13936476409435272,.32885703444480896,0,-.005510995630174875,.914999783039093,.40341612696647644,0,-.3571262061595917,-.37861889600753784,.8538784384727478,0,-.05789132043719292,.01670890860259533,.11183350533246994,1],radius:.021460847929120064},"thumb-metacarpal":{offsetMatrix:[.02145560085773468,-.9978390336036682,.0621047280728817,0,.41311800479888916,.06541631370782852,.9083252549171448,0,-.9104245901107788,.006167683284729719,.4136286973953247,0,-.016488194465637207,.012708572670817375,.08862338215112686,1],radius:.019382517784833908},"thumb-phalanx-proximal":{offsetMatrix:[.21270370483398438,-.966137707233429,.14606566727161407,0,.49890995025634766,.2359165996313095,.8339261412620544,0,-.8401462435722351,-.10450579971075058,.5321959853172302,0,.013112368993461132,.012508046813309193,.07517509907484055,1],radius:.01228295173496008},"thumb-phalanx-distal":{offsetMatrix:[.01653280481696129,-.9986647963523865,.048943229019641876,0,.26313456892967224,.051570065319538116,.9633802771568298,0,-.9646173715591431,-.0030490627977997065,.26363563537597656,0,.04150351136922836,.016039609909057617,.05719054117798805,1],radius:.009768804535269737},"thumb-tip":{offsetMatrix:[.01653280481696129,-.9986647963523865,.048943229019641876,0,.26313456892967224,.051570065319538116,.9633802771568298,0,-.9646173715591431,-.0030490627977997065,.26363563537597656,0,.06548332422971725,.01683700829744339,.0516640841960907,1],radius:.008768804371356964},"index-finger-metacarpal":{offsetMatrix:[.9340395331382751,-.13936476409435272,.32885703444480896,0,-.005510995630174875,.914999783039093,.40341612696647644,0,-.3571262061595917,-.37861889600753784,.8538784384727478,0,-.02592567168176174,.019982583820819855,.08479326963424683,1],radius:.021228281781077385},"index-finger-phalanx-proximal":{offsetMatrix:[.9063700437545776,-.21756279468536377,.3621589243412018,0,.0970839336514473,.9415287375450134,.3226419687271118,0,-.41117796301841736,-.2572731077671051,.8744958639144897,0,-.0015709538711234927,.043078210204839706,.034657616168260574,1],radius:.010295259766280651},"index-finger-phalanx-intermediate":{offsetMatrix:[.9159826040267944,-.1651475727558136,.36565208435058594,0,.09755707532167435,.9756820797920227,.1962820291519165,0,-.3891757130622864,-.14411886036396027,.9098196625709534,0,.014023927971720695,.052835866808891296,.0014903299743309617,1],radius:.00853810179978609},"index-finger-phalanx-distal":{offsetMatrix:[.9378057718276978,-.12329639494419098,.3245268166065216,0,.032558172941207886,.9619227051734924,.2713746726512909,0,-.3456292748451233,-.2439306229352951,.9061115384101868,0,.023482320830225945,.05633850023150444,-.020621655508875847,1],radius:.007636196445673704},"index-finger-tip":{offsetMatrix:[.9378057718276978,-.12329639494419098,.3245268166065216,0,.032558172941207886,.9619227051734924,.2713746726512909,0,-.3456292748451233,-.2439306229352951,.9061115384101868,0,.03096788562834263,.06281610578298569,-.040703095495700836,1],radius:.006636196281760931},"middle-finger-metacarpal":{offsetMatrix:[.9340395331382751,-.13936476409435272,.32885703444480896,0,-.005510995630174875,.914999783039093,.40341612696647644,0,-.3571262061595917,-.37861889600753784,.8538784384727478,0,-.04184452444314957,.022474845871329308,.08177298307418823,1],radius:.021231964230537415},"middle-finger-phalanx-proximal":{offsetMatrix:[.9720265865325928,-.08313076198101044,.21966552734375,0,.20477405190467834,.7580050826072693,-.6192700862884521,0,-.11502730846405029,.6469289064407349,.7538246512413025,0,-.022107340395450592,.05035499855875969,.02970452979207039,1],radius:.01117393933236599},"middle-finger-phalanx-intermediate":{offsetMatrix:[.9779140949249268,-.07129573822021484,.19646917283535004,0,.1287083923816681,-.5352076292037964,-.8348574042320251,0,.1646735966205597,.8417060971260071,-.5142109394073486,0,-.017169542610645294,.022584279999136925,-.00265491777099669,1],radius:.008030958473682404},"middle-finger-phalanx-distal":{offsetMatrix:[.9774913787841797,-.19657190144062042,.07661263644695282,0,-.1924918293952942,-.9796126484870911,-.05749811604619026,0,.08635343611240387,.041456472128629684,-.995401918888092,0,-.02170622907578945,-.0006043742760084569,.011511396616697311,1],radius:.007629410829395056},"middle-finger-tip":{offsetMatrix:[.9774913787841797,-.19657190144062042,.07661263644695282,0,-.1924918293952942,-.9796126484870911,-.05749811604619026,0,.08635343611240387,.041456472128629684,-.995401918888092,0,-.02438267692923546,-.0026927536819130182,.03627248480916023,1],radius:.006629410665482283},"ring-finger-metacarpal":{offsetMatrix:[.9340395331382751,-.13936476409435272,.32885703444480896,0,-.005510995630174875,.914999783039093,.40341612696647644,0,-.3571262061595917,-.37861889600753784,.8538784384727478,0,-.05944233387708664,.0264605600386858,.07478221505880356,1],radius:.019088275730609894},"ring-finger-phalanx-proximal":{offsetMatrix:[.9842101335525513,.024470895528793335,.1753024309873581,0,.12200043350458145,.6237703561782837,-.7720272541046143,0,-.12824076414108276,.7812241315841675,.610936164855957,0,-.04249368980526924,.0467497780919075,.027722163125872612,1],radius:.00992213748395443},"ring-finger-phalanx-intermediate":{offsetMatrix:[.9941774606704712,.05949164181947708,.08983955532312393,0,.10504482686519623,-.7208291888237,-.6851072907447815,0,.024001073092222214,.6905553936958313,-.7228817939758301,0,-.0374927744269371,.016285063698887825,.0038980208337306976,1],radius:.007611672393977642},"ring-finger-phalanx-distal":{offsetMatrix:[.9995742440223694,.01638498157262802,.02412819117307663,0,.007813597097992897,-.9474818110466003,.31971633434295654,0,.028100071474909782,-.31939181685447693,-.9472070932388306,0,-.038130562752485275,-.0020653479732573032,.02310742810368538,1],radius:.007231088820844889},"ring-finger-tip":{offsetMatrix:[.9995742440223694,.01638498157262802,.02412819117307663,0,.007813597097992897,-.9474818110466003,.31971633434295654,0,.028100071474909782,-.31939181685447693,-.9472070932388306,0,-.0390593595802784,.004176302347332239,.0466572530567646,1],radius:.0062310886569321156},"pinky-finger-metacarpal":{offsetMatrix:[.9147363901138306,.3458845317363739,.20885537564754486,0,-.3923271894454956,.8839452862739563,.2544005811214447,0,-.09662359952926636,-.3146490156650543,.9442773461341858,0,-.06715242564678192,.024195827543735504,.07137546688318253,1],radius:.01808827556669712},"pinky-finger-phalanx-proximal":{offsetMatrix:[.9613109827041626,.22439135611057281,.15977802872657776,0,.01002211682498455,.5511574745178223,-.8343409299850464,0,-.27528178691864014,.8036624789237976,.5275853276252747,0,-.06273911893367767,.038559623062610626,.028268879279494286,1],radius:.008483353070914745},"pinky-finger-phalanx-intermediate":{offsetMatrix:[.9820972084999084,.18811029195785522,-.00995189044624567,0,.14063723385334015,-.7673450708389282,-.6256227493286133,0,-.12532226741313934,.6130226850509644,-.7800630927085876,0,-.05428232625126839,.013870777562260628,.012061242014169693,1],radius:.0067641944624483585},"pinky-finger-phalanx-distal":{offsetMatrix:[.9744614362716675,.20454788208007813,-.09265263378620148,0,.22429193556308746,-.9065253138542175,.35764020681381226,0,-.010836843401193619,-.3692878782749176,-.9292529225349426,0,-.05173685774207115,.0014194445684552193,.02790539152920246,1],radius:.0064259846694767475},"pinky-finger-tip":{offsetMatrix:[.9744614362716675,.20454788208007813,-.09265263378620148,0,.22429193556308746,-.9065253138542175,.35764020681381226,0,-.010836843401193619,-.369287878